header: 
  seq: 14094
  stamp: 
    secs: 1612551154
    nsecs: 179654638
  frame_id: "laser"
angle_min: -3.1241390705108643
angle_max: 3.1415927410125732
angle_increment: 0.01745329238474369
time_increment: 0.0003810793859884143
scan_time: 0.13680750131607056
range_min: 0.15000000596046448
range_max: 12.0
ranges: [2.319999933242798, 2.375, 2.49399995803833, 2.553999900817871, 2.6570000648498535, 2.7109999656677246, 2.816999912261963, 2.8989999294281006, 3.1040000915527344, 3.2009999752044678, 3.3610000610351562, 3.4820001125335693, 3.6730000972747803, 3.746999979019165, 3.7360000610351562, 3.7230000495910645, 3.7130000591278076, 3.7009999752044678, 3.6670000553131104, 3.634999990463257, 3.6600000858306885, 3.6589999198913574, 3.6510000228881836, 1.277999997138977, 1.2829999923706055, 1.2389999628067017, 1.2309999465942383, 1.2309999465942383, 1.215999960899353, 1.2070000171661377, 1.156000018119812, 1.1679999828338623, 1.1859999895095825, 1.190000057220459, 1.1749999523162842, 1.1729999780654907, 1.1699999570846558, 1.1679999828338623, 1.1449999809265137, 1.1699999570846558, 1.156999945640564, 1.159999966621399, 1.1619999408721924, 1.1640000343322754, 1.1640000343322754, 1.1779999732971191, 1.1920000314712524, inf, 3.2079999446868896, 3.2219998836517334, 3.239000082015991, 3.250999927520752, 3.26200008392334, 3.2890000343322754, 3.299999952316284, 3.3510000705718994, 3.374000072479248, 3.388000011444092, 3.549999952316284, 3.450000047683716, 3.322999954223633, 3.196000099182129, 3.1440000534057617, 3.0360000133514404, 2.9630000591278076, 2.871000051498413, 2.7790000438690186, 2.734999895095825, 2.61299991607666, 2.5789999961853027, 2.562999963760376, 2.8359999656677246, 2.5789999961853027, inf, inf, inf, inf, inf, inf, inf, inf, 1.9539999961853027, 1.9500000476837158, 1.940000057220459, 1.909000039100647, 1.8930000066757202, 1.8609999418258667, 1.8370000123977661, 1.8630000352859497, 1.8530000448226929, 1.8320000171661377, 1.809999942779541, 1.7999999523162842, 1.7829999923706055, 1.7640000581741333, 1.7569999694824219, 1.7389999628067017, 1.7300000190734863, 1.7020000219345093, 1.694000005722046, 1.6779999732971191, 1.6679999828338623, 1.656999945640564, 1.6440000534057617, 1.6390000581741333, 1.63100004196167, 1.6230000257492065, 1.6089999675750732, 1.6080000400543213, 1.5959999561309814, 1.5880000591278076, 1.5870000123977661, 1.5800000429153442, 1.5789999961853027, 1.5740000009536743, 1.5729999542236328, 1.5700000524520874, 1.565999984741211, 1.5640000104904175, 1.5750000476837158, inf, 1.149999976158142, 1.152999997138977, 1.152999997138977, 1.1460000276565552, 1.1480000019073486, 1.1469999551773071, 1.1540000438690186, 1.1490000486373901, 1.149999976158142, 1.1510000228881836, 1.1519999504089355, 1.152999997138977, 1.159999966621399, 1.1679999828338623, 0.9409999847412109, 0.9110000133514404, 0.890999972820282, 0.8830000162124634, 0.8700000047683716, 0.8700000047683716, 0.8790000081062317, 0.8980000019073486, 0.8610000014305115, 0.8169999718666077, 0.7960000038146973, 0.7400000095367432, 0.7070000171661377, 0.6940000057220459, 0.6650000214576721, 0.6399999856948853, 0.6169999837875366, 0.6060000061988831, 0.5839999914169312, 0.574999988079071, 0.5559999942779541, 0.5339999794960022, 0.5320000052452087, 0.5180000066757202, 0.503000020980835, 0.4729999899864197, 0.46000000834465027, 0.4490000009536743, 0.4390000104904175, 0.43299999833106995, 0.4230000078678131, 0.4189999997615814, 0.40400001406669617, 0.4009999930858612, 0.3959999978542328, 0.3959999978542328, 0.40400001406669617, 0.4000000059604645, 0.39800000190734863, 0.3919999897480011, 0.2919999957084656, 0.289000004529953, 0.2919999957084656, 0.2939999997615814, inf, 0.3619999885559082, 0.3580000102519989, 0.3540000021457672, 0.35100001096725464, 0.3490000069141388, 0.34599998593330383, 0.34200000762939453, 0.3400000035762787, 0.335999995470047, 0.3330000042915344, 0.33000001311302185, 0.32899999618530273, 0.32600000500679016, 0.32499998807907104, 0.3230000138282776, 0.32199999690055847, 0.3199999928474426, 0.3190000057220459, inf, 0.31700000166893005, 0.3140000104904175, 0.31299999356269836, 0.31299999356269836, 0.31200000643730164, 0.3109999895095825, 0.3109999895095825, 0.3100000023841858, 0.3100000023841858, 0.3089999854564667, 0.3089999854564667, 0.3089999854564667, 0.3089999854564667, 0.3089999854564667, 0.3089999854564667, 0.3089999854564667, 0.3089999854564667, 0.3100000023841858, 0.3100000023841858, 0.3100000023841858, 0.3109999895095825, 0.31200000643730164, inf, 0.31299999356269836, 0.3149999976158142, 0.3160000145435333, 0.3179999887943268, 0.3190000057220459, 0.32199999690055847, 0.32199999690055847, 0.32499998807907104, 0.32499998807907104, 0.32899999618530273, 0.33000001311302185, 0.3319999873638153, 0.335999995470047, 0.33799999952316284, 0.3409999907016754, 0.34299999475479126, 0.3449999988079071, 0.3479999899864197, 0.35100001096725464, 0.35600000619888306, 0.3569999933242798, 0.36000001430511475, 0.3659999966621399, 0.3709999918937683, 0.38199999928474426, inf, inf, inf, inf, inf, inf, inf, inf, inf, inf, inf, inf, inf, inf, inf, inf, inf, inf, inf, inf, inf, inf, inf, inf, inf, inf, inf, inf, inf, inf, inf, inf, inf, inf, inf, 1.2599999904632568, inf, inf, inf, inf, inf, inf, inf, inf, inf, 1.2669999599456787, 1.25, 1.2450000047683716, 1.2430000305175781, 1.2419999837875366, 1.2400000095367432, 1.2380000352859497, 1.2389999628067017, 1.2369999885559082, 1.2380000352859497, 1.2350000143051147, 1.2359999418258667, 1.2380000352859497, 1.2369999885559082, 1.2400000095367432, 1.2400000095367432, 1.2430000305175781, 1.246000051498413, 1.246999979019165, 1.253000020980835, 1.2549999952316284, 1.2619999647140503, 1.2610000371932983, 1.2730000019073486, 1.2760000228881836, 1.281999945640564, 1.2730000019073486, 1.3079999685287476, 1.2940000295639038, inf, 1.0329999923706055, 1.3070000410079956, 1.312999963760376, 1.343999981880188, 1.3569999933242798, 1.3660000562667847, 1.38100004196167, 1.3899999856948853, 1.3539999723434448, 1.3480000495910645, 1.3559999465942383, 1.3600000143051147, 1.371999979019165, 1.3919999599456787, 1.3990000486373901, 1.4179999828338623, 1.430999994277954, 1.4539999961853027, 1.4670000076293945, 1.4989999532699585, 1.5099999904632568, 1.5399999618530273, 1.5609999895095825, 1.6030000448226929, 1.6319999694824219, 1.7599999904632568, 1.7330000400543213, 1.7979999780654907, 1.8200000524520874, 1.8630000352859497, 1.8880000114440918, 1.9509999752044678, 1.968000054359436, 2.0429999828338623, 2.056999921798706, 2.122999906539917, 2.1600000858306885, 2.2320001125335693]
intensities: [47.0, 47.0, 47.0, 47.0, 47.0, 47.0, 47.0, 47.0, 47.0, 47.0, 47.0, 47.0, 47.0, 47.0, 47.0, 47.0, 47.0, 47.0, 47.0, 47.0, 47.0, 47.0, 47.0, 47.0, 47.0, 47.0, 47.0, 47.0, 47.0, 47.0, 47.0, 47.0, 47.0, 47.0, 47.0, 47.0, 47.0, 47.0, 47.0, 47.0, 47.0, 47.0, 47.0, 47.0, 47.0, 47.0, 47.0, 0.0, 47.0, 47.0, 47.0, 47.0, 47.0, 47.0, 47.0, 47.0, 47.0, 47.0, 47.0, 47.0, 47.0, 47.0, 47.0, 47.0, 47.0, 47.0, 47.0, 47.0, 47.0, 47.0, 47.0, 47.0, 47.0, 0.0, 0.0, 0.0, 0.0, 0.0, 0.0, 0.0, 0.0, 47.0, 47.0, 47.0, 47.0, 47.0, 47.0, 47.0, 47.0, 47.0, 47.0, 47.0, 47.0, 47.0, 47.0, 47.0, 47.0, 47.0, 47.0, 47.0, 47.0, 47.0, 47.0, 47.0, 47.0, 47.0, 47.0, 47.0, 47.0, 47.0, 47.0, 47.0, 47.0, 47.0, 47.0, 47.0, 47.0, 47.0, 47.0, 47.0, 0.0, 47.0, 47.0, 47.0, 47.0, 47.0, 47.0, 47.0, 47.0, 47.0, 47.0, 47.0, 47.0, 47.0, 47.0, 47.0, 47.0, 47.0, 47.0, 47.0, 47.0, 47.0, 47.0, 47.0, 47.0, 47.0, 47.0, 47.0, 47.0, 47.0, 47.0, 47.0, 47.0, 47.0, 47.0, 47.0, 47.0, 47.0, 47.0, 47.0, 47.0, 47.0, 47.0, 47.0, 47.0, 47.0, 47.0, 47.0, 47.0, 47.0, 47.0, 47.0, 47.0, 47.0, 47.0, 47.0, 47.0, 47.0, 47.0, 0.0, 47.0, 47.0, 47.0, 47.0, 47.0, 47.0, 47.0, 47.0, 47.0, 47.0, 47.0, 47.0, 47.0, 47.0, 47.0, 47.0, 47.0, 47.0, 0.0, 47.0, 47.0, 47.0, 47.0, 47.0, 47.0, 47.0, 47.0, 47.0, 47.0, 47.0, 47.0, 47.0, 47.0, 47.0, 47.0, 47.0, 47.0, 47.0, 47.0, 47.0, 47.0, 0.0, 47.0, 47.0, 47.0, 47.0, 47.0, 47.0, 47.0, 47.0, 47.0, 47.0, 47.0, 47.0, 47.0, 47.0, 47.0, 47.0, 47.0, 47.0, 47.0, 47.0, 47.0, 47.0, 47.0, 47.0, 47.0, 0.0, 0.0, 0.0, 0.0, 0.0, 0.0, 0.0, 0.0, 0.0, 0.0, 0.0, 0.0, 0.0, 0.0, 0.0, 0.0, 0.0, 0.0, 0.0, 0.0, 0.0, 0.0, 0.0, 0.0, 0.0, 0.0, 0.0, 0.0, 0.0, 0.0, 0.0, 0.0, 0.0, 0.0, 0.0, 47.0, 0.0, 0.0, 0.0, 0.0, 0.0, 0.0, 0.0, 0.0, 0.0, 47.0, 47.0, 47.0, 47.0, 47.0, 47.0, 47.0, 47.0, 47.0, 47.0, 47.0, 47.0, 47.0, 47.0, 47.0, 47.0, 47.0, 47.0, 47.0, 47.0, 47.0, 47.0, 47.0, 47.0, 47.0, 47.0, 47.0, 47.0, 47.0, 0.0, 47.0, 47.0, 47.0, 47.0, 47.0, 47.0, 47.0, 47.0, 47.0, 47.0, 47.0, 47.0, 47.0, 47.0, 47.0, 47.0, 47.0, 47.0, 47.0, 47.0, 47.0, 47.0, 47.0, 47.0, 47.0, 47.0, 47.0, 47.0, 47.0, 47.0, 47.0, 47.0, 47.0, 47.0, 47.0, 47.0, 47.0, 47.0]
---
