header: 
  seq: 14187
  stamp: 
    secs: 1612551167
    nsecs: 587069029
  frame_id: "laser"
angle_min: -3.1241390705108643
angle_max: 3.1415927410125732
angle_increment: 0.01745329238474369
time_increment: 0.0003805191954597831
scan_time: 0.1366063803434372
range_min: 0.15000000596046448
range_max: 12.0
ranges: [3.049999952316284, 3.0769999027252197, 3.0940001010894775, 3.140000104904175, 3.2070000171661377, 3.1600000858306885, 3.0380001068115234, 2.984999895095825, 2.8459999561309814, 2.7750000953674316, 2.73799991607666, 2.6570000648498535, 2.5739998817443848, 2.5339999198913574, 2.4609999656677246, 2.4179999828338623, 2.3459999561309814, 2.3299999237060547, 2.322999954223633, 2.3929998874664307, 2.3610000610351562, inf, inf, inf, inf, inf, inf, inf, inf, inf, inf, inf, 1.8350000381469727, 1.840999960899353, 1.7619999647140503, 1.746999979019165, 1.7300000190734863, 1.7059999704360962, 1.7130000591278076, 1.694000005722046, 1.6790000200271606, 1.659000039100647, 1.6519999504089355, 1.6319999694824219, 1.6169999837875366, 1.6130000352859497, 1.6009999513626099, 1.5880000591278076, 1.5809999704360962, 1.5779999494552612, 1.5670000314712524, 1.565000057220459, 1.5520000457763672, 1.5470000505447388, 1.5429999828338623, 1.5369999408721924, 1.5329999923706055, 1.5290000438690186, 1.5240000486373901, 1.5190000534057617, 1.5130000114440918, 1.5130000114440918, 1.5089999437332153, 1.5089999437332153, 1.5080000162124634, 1.5080000162124634, 1.50600004196167, 1.5069999694824219, 1.5080000162124634, 1.5080000162124634, 1.5080000162124634, 1.5130000114440918, 1.5110000371932983, 1.5140000581741333, 1.5160000324249268, 1.5230000019073486, 1.5240000486373901, 1.4579999446868896, 1.0959999561309814, 1.1230000257492065, 1.128000020980835, 1.1319999694824219, 1.1369999647140503, 1.1430000066757202, 1.1480000019073486, 1.149999976158142, 1.159000039100647, 1.1619999408721924, 1.1679999828338623, 1.1759999990463257, 1.180999994277954, 1.194000005722046, 1.1970000267028809, 1.2020000219345093, 1.2050000429153442, 1.1729999780654907, 0.996999979019165, 0.9589999914169312, 0.953000009059906, 0.949999988079071, 0.9440000057220459, 0.9350000023841858, 0.9670000076293945, 0.9739999771118164, 0.9470000267028809, 0.9309999942779541, 0.9089999794960022, 0.8989999890327454, 0.8759999871253967, 0.8519999980926514, 0.8420000076293945, 0.824999988079071, 0.8169999718666077, 0.7990000247955322, 0.7760000228881836, 0.7689999938011169, 0.753000020980835, 0.7480000257492065, 0.7329999804496765, 0.722000002861023, 0.7160000205039978, 0.7059999704360962, 0.6980000138282776, 0.6890000104904175, 0.6840000152587891, 0.6759999990463257, 0.6700000166893005, 0.6460000276565552, 0.6380000114440918, 0.6330000162124634, 0.6269999742507935, 0.6200000047683716, 0.6169999837875366, 0.6069999933242798, 0.6029999852180481, 0.6010000109672546, inf, 0.6119999885559082, 0.609000027179718, 0.6069999933242798, 0.6039999723434448, 0.6010000109672546, 0.5950000286102295, inf, 0.5170000195503235, 0.5529999732971191, 0.5870000123977661, 0.5860000252723694, 0.5849999785423279, 0.5820000171661377, 0.5820000171661377, 0.5809999704360962, 0.5799999833106995, 0.5789999961853027, 0.5789999961853027, 0.5789999961853027, 0.5789999961853027, 0.5789999961853027, 0.5789999961853027, 0.5799999833106995, 0.5799999833106995, 0.5809999704360962, 0.5809999704360962, 0.5830000042915344, 0.5839999914169312, 0.5849999785423279, 0.5879999995231628, 0.5889999866485596, 0.5910000205039978, 0.5920000076293945, 0.593999981880188, 0.6000000238418579, 0.6019999980926514, 0.6060000061988831, 0.6069999933242798, 0.6140000224113464, 0.6159999966621399, 0.6200000047683716, 0.621999979019165, 0.7680000066757202, 0.5009999871253967, 0.5299999713897705, 0.5479999780654907, 0.1720000058412552, 0.4180000126361847, inf, 0.5220000147819519, inf, inf, 0.847000002861023, 0.7160000205039978, 0.7059999704360962, 0.7160000205039978, 0.7200000286102295, inf, inf, inf, inf, inf, inf, inf, inf, inf, inf, inf, inf, inf, inf, inf, inf, inf, inf, inf, inf, inf, inf, inf, 1.2029999494552612, 1.2079999446868896, 1.1690000295639038, 1.1770000457763672, 1.1660000085830688, 1.159999966621399, 1.1519999504089355, 1.1619999408721924, 1.2269999980926514, 1.2680000066757202, 1.340000033378601, 1.3680000305175781, 1.3530000448226929, 1.3480000495910645, 1.343999981880188, 1.3350000381469727, 1.3300000429153442, 1.3229999542236328, 1.3220000267028809, 1.3140000104904175, 1.3140000104904175, 1.3079999685287476, 1.305999994277954, 1.3029999732971191, 1.2999999523162842, 1.2979999780654907, 1.2960000038146973, 1.2940000295639038, 1.2929999828338623, 1.2960000038146973, 1.2929999828338623, 1.2920000553131104, 1.2929999828338623, inf, 1.0190000534057617, 1.2890000343322754, 1.274999976158142, 1.284000039100647, 1.2899999618530273, 1.2899999618530273, 1.3109999895095825, 1.3170000314712524, 1.3259999752044678, 1.3289999961853027, 1.3329999446868896, 1.3359999656677246, 1.2960000038146973, 1.2920000553131104, 1.2929999828338623, 1.2990000247955322, 1.3020000457763672, 1.309999942779541, 1.312999963760376, 1.3250000476837158, 0.8159999847412109, 0.8009999990463257, 0.7760000228881836, 0.753000020980835, 0.7519999742507935, 0.7459999918937683, 0.6990000009536743, 0.6700000166893005, 0.6549999713897705, 0.6349999904632568, 0.6230000257492065, 0.6159999966621399, 0.6129999756813049, 0.5809999704360962, 0.5830000042915344, 0.5640000104904175, 0.5519999861717224, 0.5400000214576721, 0.5370000004768372, 0.5400000214576721, 0.5379999876022339, 0.5350000262260437, 0.515999972820282, 0.48899999260902405, 0.4860000014305115, 0.47200000286102295, 0.46700000762939453, 0.4560000002384186, 0.44999998807907104, 0.4490000009536743, 0.4480000138282776, 0.44999998807907104, 0.4569999873638153, 0.45899999141693115, 0.4659999907016754, 0.4740000069141388, 0.48899999260902405, 0.5070000290870667, 0.5149999856948853, inf, inf, 3.2160000801086426, 3.2669999599456787, 3.3480000495910645, 3.5420000553131104, 3.5390000343322754, 3.5239999294281006, 3.5230000019073486, 3.4690001010894775, 3.447000026702881, 3.431999921798706, 3.4189999103546143, 3.4019999504089355, 3.38700008392334, 3.381999969482422, 3.3580000400543213, 3.3399999141693115, 3.3369998931884766, 3.328000068664551, 3.322999954223633, 3.318000078201294, 3.315000057220459, 3.312999963760376, 3.313999891281128, 3.312000036239624, 3.24399995803833, 3.2720000743865967, 3.302000045776367, 3.302999973297119, 3.311000108718872, 3.309000015258789, 3.311000108718872, 3.3239998817443848, 3.316999912261963, 3.3299999237060547, 3.3410000801086426, 3.3489999771118164, 3.1640000343322754, 2.8929998874664307, 2.877000093460083, 2.8940000534057617, 2.9189999103546143, 2.924999952316284, 2.944000005722046, 2.947000026702881, 2.9779999256134033, 2.989000082015991, 3.013000011444092, 3.0390000343322754]
intensities: [47.0, 47.0, 47.0, 47.0, 47.0, 47.0, 47.0, 47.0, 47.0, 47.0, 47.0, 47.0, 47.0, 47.0, 47.0, 47.0, 47.0, 47.0, 47.0, 47.0, 47.0, 0.0, 0.0, 0.0, 0.0, 0.0, 0.0, 0.0, 0.0, 0.0, 0.0, 0.0, 47.0, 47.0, 47.0, 47.0, 47.0, 47.0, 47.0, 47.0, 47.0, 47.0, 47.0, 47.0, 47.0, 47.0, 47.0, 47.0, 47.0, 47.0, 47.0, 47.0, 47.0, 47.0, 47.0, 47.0, 47.0, 47.0, 47.0, 47.0, 47.0, 47.0, 47.0, 47.0, 47.0, 47.0, 47.0, 47.0, 47.0, 47.0, 47.0, 47.0, 47.0, 47.0, 47.0, 47.0, 47.0, 47.0, 47.0, 47.0, 47.0, 47.0, 47.0, 47.0, 47.0, 47.0, 47.0, 47.0, 47.0, 47.0, 47.0, 47.0, 47.0, 47.0, 47.0, 47.0, 47.0, 47.0, 47.0, 47.0, 47.0, 47.0, 47.0, 47.0, 47.0, 47.0, 47.0, 47.0, 47.0, 47.0, 47.0, 47.0, 47.0, 47.0, 47.0, 47.0, 47.0, 47.0, 47.0, 47.0, 47.0, 47.0, 47.0, 47.0, 47.0, 47.0, 47.0, 47.0, 47.0, 47.0, 47.0, 47.0, 47.0, 47.0, 47.0, 47.0, 0.0, 47.0, 47.0, 47.0, 47.0, 47.0, 47.0, 0.0, 47.0, 47.0, 47.0, 47.0, 47.0, 47.0, 47.0, 47.0, 47.0, 47.0, 47.0, 47.0, 47.0, 47.0, 47.0, 47.0, 47.0, 47.0, 47.0, 47.0, 47.0, 47.0, 47.0, 47.0, 47.0, 47.0, 47.0, 47.0, 47.0, 47.0, 47.0, 47.0, 47.0, 47.0, 47.0, 47.0, 47.0, 47.0, 47.0, 47.0, 47.0, 0.0, 47.0, 0.0, 0.0, 47.0, 47.0, 47.0, 47.0, 47.0, 0.0, 0.0, 0.0, 0.0, 0.0, 0.0, 0.0, 0.0, 0.0, 0.0, 0.0, 0.0, 0.0, 0.0, 0.0, 0.0, 0.0, 0.0, 0.0, 0.0, 0.0, 0.0, 0.0, 47.0, 47.0, 47.0, 47.0, 47.0, 47.0, 47.0, 47.0, 47.0, 47.0, 47.0, 47.0, 47.0, 47.0, 47.0, 47.0, 47.0, 47.0, 47.0, 47.0, 47.0, 47.0, 47.0, 47.0, 47.0, 47.0, 47.0, 47.0, 47.0, 47.0, 47.0, 47.0, 47.0, 0.0, 47.0, 47.0, 47.0, 47.0, 47.0, 47.0, 47.0, 47.0, 47.0, 47.0, 47.0, 47.0, 47.0, 47.0, 47.0, 47.0, 47.0, 47.0, 47.0, 47.0, 47.0, 47.0, 47.0, 47.0, 47.0, 47.0, 47.0, 47.0, 47.0, 47.0, 47.0, 47.0, 47.0, 47.0, 47.0, 47.0, 47.0, 47.0, 47.0, 47.0, 47.0, 47.0, 47.0, 47.0, 47.0, 47.0, 47.0, 47.0, 47.0, 47.0, 47.0, 47.0, 47.0, 47.0, 47.0, 47.0, 47.0, 47.0, 47.0, 0.0, 0.0, 47.0, 47.0, 47.0, 47.0, 47.0, 47.0, 47.0, 47.0, 47.0, 47.0, 47.0, 47.0, 47.0, 47.0, 47.0, 47.0, 47.0, 47.0, 47.0, 47.0, 47.0, 47.0, 47.0, 47.0, 47.0, 47.0, 47.0, 47.0, 47.0, 47.0, 47.0, 47.0, 47.0, 47.0, 47.0, 47.0, 47.0, 47.0, 47.0, 47.0, 47.0, 47.0, 47.0, 47.0, 47.0, 47.0, 47.0, 47.0]
---
