header: 
  seq: 14032
  stamp: 
    secs: 1612551145
    nsecs: 400840385
  frame_id: "laser"
angle_min: -3.1241390705108643
angle_max: 3.1415927410125732
angle_increment: 0.01745329238474369
time_increment: 0.0003811372444033623
scan_time: 0.13682827353477478
range_min: 0.15000000596046448
range_max: 12.0
ranges: [0.675000011920929, 0.6520000100135803, 0.6430000066757202, 0.6299999952316284, 0.6269999742507935, 0.628000020980835, 0.6100000143051147, 0.6019999980926514, 0.5899999737739563, 0.5590000152587891, 0.5580000281333923, 0.5600000023841858, 0.5630000233650208, 0.5649999976158142, 0.5649999976158142, 0.5690000057220459, 0.5730000138282776, 0.5789999961853027, 0.597000002861023, inf, inf, 3.6670000553131104, 3.634999990463257, 3.61899995803833, 3.6530001163482666, 3.614000082015991, 3.614000082015991, 3.5859999656677246, 3.5940001010894775, 3.571000099182129, 3.572999954223633, 3.569000005722046, 3.5920000076293945, 3.561000108718872, 3.553999900817871, 3.5869998931884766, 3.5969998836517334, 3.5959999561309814, 3.5989999771118164, 3.6070001125335693, 3.6059999465942383, 3.61899995803833, 3.628999948501587, 3.6589999198913574, 3.3399999141693115, 3.247999906539917, 3.1630001068115234, 3.183000087738037, 3.2019999027252197, 3.2070000171661377, 3.242000102996826, 3.26200008392334, 3.2709999084472656, 3.2899999618530273, 3.308000087738037, 3.3580000400543213, 3.365999937057495, 3.4010000228881836, 3.506999969482422, 3.4519999027252197, 3.306999921798706, 3.2079999446868896, 3.134000062942505, 3.056999921798706, 2.953000068664551, 2.865000009536743, 2.803999900817871, 2.7179999351501465, 2.5920000076293945, 2.578000068664551, 2.569999933242798, 2.4820001125335693, inf, inf, inf, inf, inf, inf, inf, inf, inf, inf, 1.972000002861023, 1.934000015258789, 1.906000018119812, 1.8760000467300415, 1.8539999723434448, 1.8370000123977661, 1.8569999933242798, 1.850000023841858, 1.840000033378601, 1.809999942779541, 1.8020000457763672, 1.784000039100647, 1.7690000534057617, 1.7549999952316284, 1.7300000190734863, 1.715000033378601, 1.7029999494552612, 1.6920000314712524, 1.6770000457763672, 1.6720000505447388, 1.6619999408721924, 1.6440000534057617, 1.6390000581741333, 1.628999948501587, 1.6180000305175781, 1.6100000143051147, 1.6039999723434448, 1.5959999561309814, 1.5950000286102295, 1.5850000381469727, 1.5809999704360962, 1.5789999961853027, 1.5770000219345093, 1.5750000476837158, 1.5720000267028809, 1.5700000524520874, 1.5609999895095825, inf, 1.1519999504089355, 1.1519999504089355, 1.1490000486373901, 1.149999976158142, 1.1490000486373901, 1.149999976158142, 1.1510000228881836, 1.152999997138977, 1.1490000486373901, 1.1480000019073486, 1.149999976158142, 1.1549999713897705, 1.152999997138977, 1.1679999828338623, 1.1679999828338623, 0.9459999799728394, 0.902999997138977, 0.8930000066757202, 0.8880000114440918, 0.8769999742507935, 0.8700000047683716, 0.8759999871253967, 0.8999999761581421, 0.8659999966621399, 0.7990000247955322, 0.7639999985694885, 0.7450000047683716, 0.7120000123977661, 0.6850000023841858, 0.6690000295639038, 0.6430000066757202, 0.6190000176429749, 0.6079999804496765, 0.5910000205039978, 0.5699999928474426, 0.5600000023841858, 0.5370000004768372, 0.5260000228881836, 0.5199999809265137, 0.5049999952316284, 0.4659999907016754, 0.4620000123977661, 0.44999998807907104, 0.4390000104904175, 0.4350000023841858, 0.42500001192092896, 0.4099999964237213, 0.4059999883174896, 0.39800000190734863, inf, 0.41100001335144043, 0.40299999713897705, 0.4020000100135803, 0.39500001072883606, inf, 0.2919999957084656, 0.29100000858306885, 0.2919999957084656, 0.29600000381469727, 0.2980000078678131, inf, 0.36000001430511475, 0.35499998927116394, 0.35100001096725464, 0.3479999899864197, 0.3440000116825104, 0.3400000035762787, 0.33899998664855957, 0.33500000834465027, 0.3330000042915344, 0.3310000002384186, 0.32899999618530273, 0.3269999921321869, 0.32600000500679016, 0.3230000138282776, 0.32199999690055847, 0.3199999928474426, 0.3190000057220459, 0.3179999887943268, 0.3160000145435333, 0.3160000145435333, 0.3140000104904175, 0.31299999356269836, 0.31200000643730164, 0.3109999895095825, 0.3109999895095825, 0.3100000023841858, 0.3100000023841858, 0.3089999854564667, 0.3089999854564667, 0.3089999854564667, 0.3089999854564667, 0.3089999854564667, 0.3089999854564667, 0.3089999854564667, 0.3089999854564667, 0.3100000023841858, 0.3100000023841858, 0.3109999895095825, 0.3109999895095825, 0.31200000643730164, 0.31299999356269836, 0.3140000104904175, 0.3149999976158142, 0.3160000145435333, 0.3190000057220459, 0.3199999928474426, 0.32100000977516174, 0.32199999690055847, 0.32499998807907104, 0.32600000500679016, 0.328000009059906, 0.33000001311302185, 0.33399999141693115, 0.33500000834465027, 0.33899998664855957, 0.3400000035762787, 0.3409999907016754, 0.34299999475479126, 0.3479999899864197, 0.35199999809265137, 0.3540000021457672, 0.35899999737739563, 0.3610000014305115, 0.36399999260902405, 0.36899998784065247, 0.3720000088214874, inf, inf, inf, inf, inf, inf, inf, inf, inf, inf, inf, inf, inf, inf, inf, inf, inf, inf, inf, inf, inf, inf, inf, inf, inf, inf, inf, inf, inf, inf, inf, inf, inf, inf, inf, inf, inf, inf, inf, inf, inf, inf, inf, inf, inf, 1.2619999647140503, 1.246999979019165, 1.246999979019165, 1.246000051498413, 1.2430000305175781, 1.2430000305175781, 1.2380000352859497, 1.2380000352859497, 1.2389999628067017, 1.2369999885559082, 1.2359999418258667, 1.2359999418258667, 1.2369999885559082, 1.2380000352859497, 1.2389999628067017, 1.2400000095367432, 1.2430000305175781, 1.2450000047683716, 1.2480000257492065, 1.25600004196167, 1.2549999952316284, 1.2610000371932983, 1.2619999647140503, 1.2710000276565552, 1.2740000486373901, 1.281000018119812, 1.274999976158142, 1.309000015258789, 1.281999945640564, inf, 1.0290000438690186, 1.305999994277954, 1.309999942779541, 1.3459999561309814, 1.3600000143051147, 1.3630000352859497, 1.38100004196167, 1.3899999856948853, 1.3509999513626099, 1.347000002861023, 1.3559999465942383, 1.3600000143051147, 1.371000051498413, 1.3890000581741333, 1.3949999809265137, 1.4179999828338623, 1.4299999475479126, 1.4529999494552612, 1.465999960899353, 1.4980000257492065, 1.5099999904632568, 1.5410000085830688, 1.5820000171661377, 1.6019999980926514, inf, 0.8500000238418579, 0.8429999947547913, 0.7990000247955322, 0.7900000214576721, 0.7720000147819519, 0.7459999918937683, 0.7369999885559082, 0.7149999737739563, 0.7110000252723694, 0.7009999752044678, 0.6990000009536743, 0.6859999895095825, 0.6589999794960022]
intensities: [47.0, 47.0, 47.0, 47.0, 47.0, 47.0, 47.0, 47.0, 47.0, 47.0, 47.0, 47.0, 47.0, 47.0, 47.0, 47.0, 47.0, 47.0, 47.0, 0.0, 0.0, 47.0, 47.0, 47.0, 47.0, 47.0, 47.0, 47.0, 47.0, 47.0, 47.0, 47.0, 47.0, 47.0, 47.0, 47.0, 47.0, 47.0, 47.0, 47.0, 47.0, 47.0, 47.0, 47.0, 47.0, 47.0, 47.0, 47.0, 47.0, 47.0, 47.0, 47.0, 47.0, 47.0, 47.0, 47.0, 47.0, 47.0, 47.0, 47.0, 47.0, 47.0, 47.0, 47.0, 47.0, 47.0, 47.0, 47.0, 47.0, 47.0, 47.0, 47.0, 0.0, 0.0, 0.0, 0.0, 0.0, 0.0, 0.0, 0.0, 0.0, 0.0, 47.0, 47.0, 47.0, 47.0, 47.0, 47.0, 47.0, 47.0, 47.0, 47.0, 47.0, 47.0, 47.0, 47.0, 47.0, 47.0, 47.0, 47.0, 47.0, 47.0, 47.0, 47.0, 47.0, 47.0, 47.0, 47.0, 47.0, 47.0, 47.0, 47.0, 47.0, 47.0, 47.0, 47.0, 47.0, 47.0, 47.0, 0.0, 47.0, 47.0, 47.0, 47.0, 47.0, 47.0, 47.0, 47.0, 47.0, 47.0, 47.0, 47.0, 47.0, 47.0, 47.0, 47.0, 47.0, 47.0, 47.0, 47.0, 47.0, 47.0, 47.0, 47.0, 47.0, 47.0, 47.0, 47.0, 47.0, 47.0, 47.0, 47.0, 47.0, 47.0, 47.0, 47.0, 47.0, 47.0, 47.0, 47.0, 47.0, 47.0, 47.0, 47.0, 47.0, 47.0, 47.0, 47.0, 47.0, 0.0, 47.0, 47.0, 47.0, 47.0, 0.0, 47.0, 47.0, 47.0, 47.0, 47.0, 0.0, 47.0, 47.0, 47.0, 47.0, 47.0, 47.0, 47.0, 47.0, 47.0, 47.0, 47.0, 47.0, 47.0, 47.0, 47.0, 47.0, 47.0, 47.0, 47.0, 47.0, 47.0, 47.0, 47.0, 47.0, 47.0, 47.0, 47.0, 47.0, 47.0, 47.0, 47.0, 47.0, 47.0, 47.0, 47.0, 47.0, 47.0, 47.0, 47.0, 47.0, 47.0, 47.0, 47.0, 47.0, 47.0, 47.0, 47.0, 47.0, 47.0, 47.0, 47.0, 47.0, 47.0, 47.0, 47.0, 47.0, 47.0, 47.0, 47.0, 47.0, 47.0, 47.0, 47.0, 47.0, 47.0, 47.0, 0.0, 0.0, 0.0, 0.0, 0.0, 0.0, 0.0, 0.0, 0.0, 0.0, 0.0, 0.0, 0.0, 0.0, 0.0, 0.0, 0.0, 0.0, 0.0, 0.0, 0.0, 0.0, 0.0, 0.0, 0.0, 0.0, 0.0, 0.0, 0.0, 0.0, 0.0, 0.0, 0.0, 0.0, 0.0, 0.0, 0.0, 0.0, 0.0, 0.0, 0.0, 0.0, 0.0, 0.0, 0.0, 47.0, 47.0, 47.0, 47.0, 47.0, 47.0, 47.0, 47.0, 47.0, 47.0, 47.0, 47.0, 47.0, 47.0, 47.0, 47.0, 47.0, 47.0, 47.0, 47.0, 47.0, 47.0, 47.0, 47.0, 47.0, 47.0, 47.0, 47.0, 47.0, 0.0, 47.0, 47.0, 47.0, 47.0, 47.0, 47.0, 47.0, 47.0, 47.0, 47.0, 47.0, 47.0, 47.0, 47.0, 47.0, 47.0, 47.0, 47.0, 47.0, 47.0, 47.0, 47.0, 47.0, 47.0, 0.0, 47.0, 47.0, 47.0, 47.0, 47.0, 47.0, 47.0, 47.0, 47.0, 47.0, 47.0, 47.0, 47.0]
---
